186
336
491
487
198
474
270
78
61
372
180
232
420
476
319
147
205
399
328
288
29
265
226
53
179
70
195
224
124
324
293
285
415
16
384
56
435
98
358
352
348
456
496
141
47
462
87
481
89
33
298
488
18
338
483
437
342
91
202
252
228
467
418
443
190
301
216
67
245
423
374
39
479
211
77
429
280
470
438
482
490
431
1
271
62
3
81
312
110
397
380
441
463
309
108
225
244
136
433
106
395
227
281
332
279
214
315
32
389
14
233
495
262
305
370
107
337
88
327
480
148
137
497
283
278
468
381
365
138
382
458
173
422
322
302
386
135
318
35
184
200
215
425
196
256
49
247
84
36
163
164
171
155
383
410
28
469
460
54
291
79
101
187
259
401
210
379
181
10
158
419
221
317
71
451
167
455
484
51
30
362
263
320
347
145
203
241
177
314
133
122
307
361
326
493
393
242
238
64
477
82
266
23
405
500
74
345
15
109
178
398
102
144
40
264
176
316
24
25
4
448
240
459
297
341
22
183
80
253
2
166
251
287
334
296
99
430
104
129
220
249
434
453
44
21
26
359
206
416
275
234
257
390
294
412
276
331
59
127
450
414
321
310
6
11
403
154
188
369
152
230
201
118
46
208
411
55
255
473
492
236
260
143
68
218
486
207
50
464
421
269
366
356
197
170
114
174
76
58
446