45
103
145
195
55
187
25
219
200
211
224
128
174
101
190
194
64
109
65
241
143
162
92
9
93
229
28
126
140
193
125
133
34
235
56
43
209
180
90
102
201
6
177
163
220
203
13
228
115
212
12
24
178
108
52
152
10
247
61
77
99
158
111
38
59
234
230
58
183
150
74
63
208
87
29
8
172
50
120
106
167
37
124
62
19
135
186
82
246
22
218
42
239
69
238
138
44
192
104
60
169
176
30
142
127
139
35
155
154
157
130
3
53
16
32
223
202
225
100
231
48
182
86
113
188
4
91
248
161
136
11
54
94
245
70
222
244
107
242
51
185
214
68
250
132
160
141
46
215
240
76
98
168
243
1
165
205
79
47
84
170
95
7
122
175
66
217
21
196
20
184
116
33
17
40
117
236
14
36
221
18
80
233
105
27
153
83
97
210
73
81
110
164
189
207
134
226
41
227
67
146
181
213
191
144
114
23
204
2
171
123
148
173
131
249
118
96
31
149
166
199
57
232
151
49
71
179
147
137
216
197
85
237
121
78
112
26
15
156
89
119
129
198
206
39
159
75
72
88
5