56
361
5
18
259
164
230
308
335
53
196
347
343
135
137
198
48
113
235
151
340
353
258
250
364
176
224
86
333
265
383
162
313
139
178
298
166
201
390
94
262
171
55
59
371
45
63
92
180
189
124
115
61
248
112
172
276
337
30
325
68
11
22
295
97
216
147
32
392
396
15
103
34
397
296
150
106
169
46
6
237
359
101
114
338
204
379
54
360
155
66
342
91
179
154
315
398
42
129
158
320
310
284
159
153
109
326
192
299
311
87
41
385
214
365
290
90
72
170
128
233
378
275
380
236
302
19
21
400
277
306
141
102
93
384
160
352
33
240
212
374
238
243
355
43
363
3
394
107
105
334
4
348
329
84
116
100
303
39
283
220
301
393
133
362
202
7
138
389
253
229
391
307
62
395
273
65
292
52
173
312
185
13
64
184
2
24
197
241
177
270
332
88
187
210
218
219
125
152
74