115
80
145
178
299
24
133
76
141
197
143
287
199
34
221
283
267
35
205
122
264
125
291
191
108
104
8
214
82
100
112
2
213
188
124
253
128
273
157
161
90
230
97
268
156
103
7
190
225
120
235
217
247
60
12
241
272
260
20
42
189
27
25
26
67
250
174
192
114
194
193
19
153
187
1
300
184
137
295
105
44
58
131
15
232
239
50
152
289
248
259
140
159
11
296
204
126
173
18
5
181
169
237
288
254
66
17
276
294
57
62
292
54
40
142
49
14
262
93
175
39
10
263
22
223